# BoneCount
17

# BoneName=RigPelvis
0
-1
0.000000 0.000000 0.000000
-0.000000 0.000000 1.000000 0.000000
-0.342020 -0.939693 0.000000 0.000000
0.939693 -0.342020 0.000000 -0.000000
-0.545296 0.221008 -0.000000 1.000000

# BoneName=RigSpine
1
0
0.000000 0.000000 0.000000
-0.000000 0.000000 1.000000 0.000000
-0.323994 -0.946059 -0.000000 0.000000
0.946059 -0.323994 0.000000 -0.000000
-0.549422 0.210543 -0.000000 1.000000

# BoneName=RigRibcage
2
1
0.000000 0.000000 0.000000
-0.000000 0.000000 1.000000 0.000000
-0.000000 -1.000000 0.000000 0.000000
1.000000 -0.000000 -0.000000 0.000000
-0.776579 -0.043405 0.000000 1.000000

# BoneName=RigNeck
3
2
0.000000 0.000000 0.000000
-0.000000 -0.000005 1.000000 0.000000
-0.045410 -0.998968 -0.000005 0.000000
0.998968 -0.045410 0.000000 -0.000000
-0.777750 -0.008095 -0.000000 1.000000

# BoneName=RigHead
4
3
0.000000 0.000000 0.000000
-0.000000 0.000000 1.000000 0.000000
0.087156 -0.996195 0.000000 0.000000
0.996195 0.087156 -0.000000 0.000000
-0.863981 -0.123489 0.000000 1.000000

# BoneName=RigJaw
5
4
0.000000 0.000000 0.000000
0.000000 0.000000 1.000000 -0.000000
-0.996195 0.087156 -0.000000 0.000000
-0.087156 -0.996195 0.000000 0.000000
0.021757 0.873593 -0.000000 1.000000

# BoneName=RigLArm1
6
2
0.000000 0.000000 0.000000
0.683272 0.726711 0.070935 -0.000000
-0.645929 0.646886 -0.405357 0.000000
-0.340464 0.231150 0.911402 0.000000
-0.079867 -0.245135 -0.768689 1.000000

# BoneName=RigLArm2
7
6
0.000000 0.000000 0.000000
0.482377 0.521256 -0.703992 0.000000
-0.348218 -0.623339 -0.700137 0.000000
-0.803776 0.582873 -0.119173 0.000000
0.324732 -0.738158 0.145220 1.000000

# BoneName=RigLArm3
8
7
0.000000 0.000000 0.000000
0.226059 0.597354 -0.769457 0.000000
-0.103324 -0.770749 -0.628706 0.000000
-0.968618 0.221630 -0.112513 0.000000
0.538606 -0.563042 0.182846 1.000000

# BoneName=RigRArm1
9
2
0.000000 0.000000 0.000000
-0.683270 -0.726712 0.070934 0.000000
-0.645930 0.646884 0.405358 0.000000
-0.340464 0.231150 -0.911402 0.000000
-0.079866 -0.245136 0.768689 1.000000

# BoneName=RigRArm2
10
9
0.000000 0.000000 0.000000
-0.482375 -0.521251 -0.703997 0.000000
-0.348221 -0.623344 0.700132 0.000000
-0.803777 0.582872 0.119175 0.000000
0.324732 -0.738157 -0.145224 1.000000

# BoneName=RigRArm3
11
10
0.000000 0.000000 0.000000
-0.226054 -0.597318 -0.769487 0.000000
-0.103329 -0.770775 0.628673 0.000000
-0.968619 0.221624 0.112517 0.000000
0.538607 -0.563032 -0.182868 1.000000

# BoneName=RigTail1
12
0
0.000000 0.000000 0.000000
0.000000 0.000000 1.000000 -0.000000
0.812033 0.583612 -0.000000 0.000000
-0.583612 0.812033 -0.000000 0.000000
0.325967 -0.489835 0.000000 1.000000

# BoneName=RigTail2
13
12
0.000000 0.000000 0.000000
0.000000 0.000000 1.000000 0.000000
0.925159 0.379581 -0.000000 0.000000
-0.379581 0.925159 -0.000000 0.000000
0.100395 -0.527450 0.000000 1.000000

# BoneName=RigTail3
14
13
0.000000 0.000000 0.000000
-0.000000 0.000000 1.000000 -0.000000
0.981516 -0.191380 0.000000 0.000000
0.191380 0.981516 -0.000000 0.000000
-0.309199 -0.427941 0.000000 1.000000

# BoneName=RigTail4
15
14
0.000000 0.000000 0.000000
0.000000 0.000000 1.000000 -0.000000
0.937874 -0.346974 0.000000 0.000000
0.346974 0.937874 -0.000000 0.000000
-0.509674 -0.350423 0.000000 1.000000

# BoneName=RigTail5
16
15
0.000000 0.000000 0.000000
0.000000 0.000000 1.000000 -0.000000
0.819152 -0.573577 0.000000 0.000000
0.573576 0.819152 -0.000000 0.000000
-0.670638 -0.186368 0.000000 1.000000
