# BoneCount
72

# BoneName=mixamorig:Hips
0
-1
0.000000 0.000000 0.000000
1.000000 -0.000000 -0.000000 0.000000
0.000000 1.000000 0.000000 -0.000000
0.000000 -0.000000 1.000000 0.000000
-0.000000 -0.883735 -0.036459 1.000000

# BoneName=mixamorig:Spine
1
0
0.000000 0.000000 0.000000
1.000000 0.000000 -0.000000 0.000000
0.000000 0.993490 0.113924 -0.000000
0.000000 -0.113924 0.993490 0.000000
-0.000000 -1.026440 -0.143245 1.000000

# BoneName=mixamorig:Spine1
2
1
0.000000 0.000000 0.000000
1.000000 0.000000 -0.000000 0.000000
0.000000 0.993490 0.113924 -0.000000
0.000000 -0.113924 0.993490 0.000000
0.000000 -1.139937 -0.143245 1.000000

# BoneName=mixamorig:Spine2
3
2
0.000000 0.000000 0.000000
1.000000 0.000000 -0.000000 0.000000
0.000000 0.993490 0.113924 -0.000000
0.000000 -0.113924 0.993490 0.000000
0.000000 -1.269647 -0.143245 1.000000

# BoneName=mixamorig:Neck
4
3
0.000000 0.000000 0.000000
1.000000 -0.000000 -0.000000 0.000000
0.000000 1.000000 -0.000000 0.000000
0.000000 0.000000 1.000000 0.000000
-0.000000 -1.422675 0.018955 1.000000

# BoneName=mixamorig:Head
5
4
0.000000 0.000000 0.000000
1.000000 -0.000000 -0.000000 0.000000
0.000000 1.000000 0.000000 -0.000000
0.000000 -0.000000 1.000000 0.000000
-0.000000 -1.523339 -0.020922 1.000000

# BoneName=mixamorig:LeftShoulder
6
3
0.000000 0.000000 0.000000
0.017890 0.945504 0.325120 0.000000
-0.107546 0.325106 -0.939543 0.000000
-0.994039 -0.018157 0.107501 0.000000
0.132006 -0.536328 1.316794 1.000000

# BoneName=mixamorig:LeftArm
7
6
0.000000 0.000000 0.000000
-0.038958 0.990382 -0.132764 0.000000
-0.112865 -0.136376 -0.984207 0.000000
-0.992846 -0.023358 0.117092 0.000000
0.150819 0.007921 1.471001 1.000000

# BoneName=mixamorig:LeftForeArm
8
7
0.000000 0.000000 0.000000
0.019819 0.994857 0.099328 -0.000000
-0.112481 0.100936 -0.988514 0.000000
-0.993456 0.008419 0.113903 0.000000
0.125666 -0.560751 1.380008 1.000000

# BoneName=mixamorig:LeftHand
9
8
0.000000 0.000000 0.000000
-0.093840 0.992593 0.077164 0.000000
0.032442 0.080514 -0.996226 0.000000
-0.995059 -0.090982 -0.039757 0.000000
-0.004269 -0.841577 1.403576 1.000000

# BoneName=mixamorig:LeftHandThumb1
10
9
0.000000 0.000000 0.000000
0.451440 0.886842 0.098560 -0.000000
0.276859 -0.034208 -0.960302 0.000000
-0.848264 0.460805 -0.260973 0.000000
-0.729149 -0.604493 1.338229 1.000000

# BoneName=mixamorig:LeftHandThumb2
11
10
0.000000 0.000000 0.000000
0.340081 0.939484 -0.041429 0.000000
0.125668 -0.089061 -0.988067 0.000000
-0.931962 0.330816 -0.148351 0.000000
-0.416928 -0.621966 1.484921 1.000000

# BoneName=mixamorig:LeftHandThumb3
12
11
0.000000 0.000000 0.000000
0.343244 0.918836 -0.194745 0.000000
0.140225 -0.255149 -0.956680 0.000000
-0.928720 0.301066 -0.216422 0.000000
-0.440973 -0.403774 1.569555 1.000000

# BoneName=mixamorig:LeftHandIndex1
13
9
0.000000 0.000000 0.000000
0.179442 0.983749 0.006183 -0.000000
0.071662 -0.006803 -0.997406 0.000000
-0.981155 0.179419 -0.071719 0.000000
-0.243512 -0.771103 1.462655 1.000000

# BoneName=mixamorig:LeftHandIndex2
14
13
0.000000 0.000000 0.000000
0.215046 0.970014 -0.113261 0.000000
0.070710 -0.131135 -0.988840 0.000000
-0.974041 0.204637 -0.096790 0.000000
-0.272741 -0.641780 1.552829 1.000000

# BoneName=mixamorig:LeftHandIndex3
15
14
0.000000 0.000000 0.000000
0.245314 0.913898 -0.323439 0.000000
0.060666 -0.347451 -0.935734 0.000000
-0.967544 0.209926 -0.140677 0.000000
-0.285268 -0.313854 1.664180 1.000000

# BoneName=mixamorig:LeftHandRing1
16
9
0.000000 0.000000 0.000000
0.004208 0.999883 -0.014740 0.000000
0.043117 -0.014908 -0.998959 0.000000
-0.999061 0.003568 -0.043174 0.000000
-0.098249 -0.774839 1.480738 1.000000

# BoneName=mixamorig:LeftHandRing2
17
16
0.000000 0.000000 0.000000
0.036717 0.985841 -0.163614 0.000000
0.047895 -0.165272 -0.985085 0.000000
-0.998177 0.028333 -0.053285 0.000000
-0.133163 -0.602453 1.587837 1.000000

# BoneName=mixamorig:LeftHandRing3
18
17
0.000000 0.000000 0.000000
0.085516 0.924392 -0.371735 0.000000
0.035122 -0.375666 -0.926090 0.000000
-0.995718 0.066139 -0.064592 0.000000
-0.158369 -0.281170 1.688699 1.000000

# BoneName=sleeve1_L
19
8
0.000000 0.000000 0.000000
-0.141074 -0.038327 -0.989257 0.000000
-0.012340 -0.999105 0.040468 0.000000
-0.989922 0.017916 0.140475 0.000000
0.095308 1.542013 0.634709 1.000000

# BoneName=sleeve2_L
20
19
0.000000 0.000000 0.000000
0.056917 -0.076613 -0.995435 0.000000
-0.054358 -0.995811 0.073534 0.000000
-0.996898 0.049924 -0.060843 0.000000
0.018433 1.513788 0.586236 1.000000

# BoneName=sleeve3_L
21
20
0.000000 0.000000 0.000000
0.119271 -0.026712 -0.992503 0.000000
-0.020885 -0.999485 0.024390 0.000000
-0.992642 0.017820 -0.119768 0.000000
-0.069442 1.361548 0.649335 1.000000

# BoneName=sleeve4_L
22
21
0.000000 0.000000 0.000000
-0.089728 -0.000227 -0.995966 0.000000
-0.023121 -0.999730 0.002311 0.000000
-0.995698 0.023235 0.089699 0.000000
0.076898 1.261055 0.682476 1.000000

# BoneName=sleeve5_L
23
7
0.000000 0.000000 0.000000
-0.139495 -0.006501 -0.990202 0.000000
-0.004355 -0.999965 0.007178 0.000000
-0.990213 0.005313 0.139462 0.000000
0.030054 1.520728 0.418915 1.000000

# BoneName=sleeve6_L
24
23
0.000000 0.000000 0.000000
0.040140 -0.011373 -0.999129 0.000000
-0.100462 -0.994914 0.007289 0.000000
-0.994131 0.100082 -0.041078 0.000000
0.092964 1.458067 0.416004 1.000000

# BoneName=sleeve7_L
25
24
0.000000 0.000000 0.000000
0.125718 -0.023344 -0.991791 0.000000
-0.080253 -0.996686 0.013287 0.000000
-0.988814 0.077924 -0.127175 0.000000
0.028538 1.392304 0.402052 1.000000

# BoneName=sleeve8_L
26
25
0.000000 0.000000 0.000000
0.112567 -0.051706 -0.992298 0.000000
-0.063988 -0.996949 0.044689 0.000000
-0.991582 0.058464 -0.115532 0.000000
0.012539 1.343539 0.360971 1.000000

# BoneName=mixamorig:RightShoulder
27
3
0.000000 0.000000 0.000000
0.056038 -0.945504 -0.320753 0.000000
0.107538 0.325105 -0.939544 0.000000
0.992621 0.018157 0.119896 0.000000
-0.131325 -0.535639 1.317110 1.000000

# BoneName=mixamorig:RightArm
28
27
0.000000 0.000000 0.000000
-0.035762 -0.990453 0.133127 0.000000
0.114035 -0.136386 -0.984071 0.000000
0.992833 -0.020011 0.117824 -0.000000
-0.158593 0.008131 1.470096 1.000000

# BoneName=mixamorig:RightForeArm
29
28
0.000000 0.000000 0.000000
0.001077 -0.994760 -0.102228 0.000000
0.116469 0.101657 -0.987978 0.000000
0.993194 -0.010842 0.115968 0.000000
-0.146668 -0.562197 1.377215 1.000000

# BoneName=mixamorig:RightHand
30
29
0.000000 0.000000 0.000000
-0.102482 -0.990237 -0.094487 0.000000
-0.051241 0.100116 -0.993655 0.000000
0.993414 -0.096991 -0.061001 0.000000
0.024209 -0.866409 1.386993 1.000000

# BoneName=mixamorig:RightHandThumb1
31
30
0.000000 0.000000 0.000000
0.428401 -0.900937 -0.069179 0.000000
-0.160560 -0.000558 -0.987026 0.000000
0.889210 0.433950 -0.144893 0.000000
0.539243 -0.658032 1.396337 1.000000

# BoneName=mixamorig:RightHandThumb2
32
31
0.000000 0.000000 0.000000
0.367581 -0.928396 0.054456 0.000000
-0.185321 -0.130503 -0.973974 0.000000
0.911340 0.347922 -0.220022 0.000000
0.526770 -0.553161 1.477417 1.000000

# BoneName=mixamorig:RightHandThumb3
33
32
0.000000 0.000000 0.000000
0.316363 -0.944826 0.084955 0.000000
-0.196460 -0.152868 -0.968522 0.000000
0.928072 0.289714 -0.233982 0.000000
0.499833 -0.572683 1.495389 1.000000

# BoneName=mixamorig:RightHandIndex1
34
30
0.000000 0.000000 0.000000
0.179338 -0.983729 -0.010771 0.000000
-0.112738 -0.009673 -0.993578 0.000000
0.977307 0.179400 -0.112639 0.000000
0.302632 -0.765272 1.454028 1.000000

# BoneName=mixamorig:RightHandIndex2
35
34
0.000000 0.000000 0.000000
0.180625 -0.978917 0.095370 0.000000
-0.113092 -0.116993 -0.986673 0.000000
0.977029 0.167432 -0.131840 0.000000
0.304260 -0.668867 1.535071 1.000000

# BoneName=mixamorig:RightHandIndex3
36
35
0.000000 0.000000 0.000000
0.170383 -0.939725 0.296457 0.000000
-0.116390 -0.317943 -0.940939 0.000000
0.978480 0.125815 -0.163546 0.000000
0.299892 -0.378024 1.648772 1.000000

# BoneName=mixamorig:RightHandRing1
37
30
0.000000 0.000000 0.000000
0.017162 -0.999755 0.013946 0.000000
-0.085685 -0.015367 -0.996204 0.000000
0.996174 0.015902 -0.085928 0.000000
0.170203 -0.772056 1.476234 1.000000

# BoneName=mixamorig:RightHandRing2
38
37
0.000000 0.000000 0.000000
0.078815 -0.984667 0.155629 0.000000
-0.074985 -0.161528 -0.984015 0.000000
0.994065 0.065886 -0.086566 0.000000
0.207219 -0.604019 1.579682 1.000000

# BoneName=mixamorig:RightHandRing3
39
38
0.000000 0.000000 0.000000
0.067383 -0.928394 0.365438 0.000000
-0.061233 -0.369428 -0.927240 0.000000
0.995847 0.040104 -0.081741 0.000000
0.176824 -0.293313 1.685478 1.000000

# BoneName=bone_for_spells
40
37
0.000000 0.000000 0.000000
0.102125 0.043437 0.993823 -0.000000
0.004440 -0.999056 0.043209 0.000000
0.994762 0.000000 -0.102222 0.000000
0.110529 1.449799 0.787535 1.000000

# BoneName=sleeve1_R
41
29
0.000000 0.000000 0.000000
-0.141075 0.038326 0.989257 0.000000
0.012340 -0.999105 0.040468 0.000000
0.989922 0.017916 0.140476 -0.000000
-0.095309 1.542012 0.634709 1.000000

# BoneName=sleeve2_R
42
41
0.000000 0.000000 0.000000
0.056917 0.076615 0.995435 -0.000000
0.054358 -0.995810 0.073535 0.000000
0.996898 0.049924 -0.060843 0.000000
-0.018434 1.513789 0.586235 1.000000

# BoneName=sleeve3_R
43
42
0.000000 0.000000 0.000000
0.119271 0.026712 0.992503 -0.000000
0.020885 -0.999485 0.024390 0.000000
0.992642 0.017820 -0.119768 0.000000
0.069442 1.361549 0.649334 1.000000

# BoneName=sleeve4_R
44
43
0.000000 0.000000 0.000000
-0.089728 0.000227 0.995966 0.000000
0.023121 -0.999730 0.002311 0.000000
0.995698 0.023235 0.089699 -0.000000
-0.076898 1.261055 0.682476 1.000000

# BoneName=sleeve5_R
45
28
0.000000 0.000000 0.000000
-0.139495 0.006500 0.990202 0.000000
0.004355 -0.999965 0.007178 0.000000
0.990213 0.005313 0.139462 -0.000000
-0.030054 1.520728 0.418915 1.000000

# BoneName=sleeve6_R
46
45
0.000000 0.000000 0.000000
0.040140 0.011374 0.999130 -0.000000
0.100462 -0.994914 0.007290 0.000000
0.994131 0.100082 -0.041078 0.000000
-0.092964 1.458068 0.416003 1.000000

# BoneName=sleeve7_R
47
46
0.000000 0.000000 0.000000
0.125718 0.023344 0.991791 -0.000000
0.080253 -0.996686 0.013287 0.000000
0.988815 0.077924 -0.127175 0.000000
-0.028538 1.392304 0.402052 1.000000

# BoneName=sleeve8_R
48
47
0.000000 0.000000 0.000000
0.112567 0.051706 0.992298 -0.000000
0.063987 -0.996950 0.044689 0.000000
0.991582 0.058464 -0.115532 0.000000
-0.012539 1.343539 0.360971 1.000000

# BoneName=mid_shield_L
49
3
0.000000 0.000000 0.000000
0.944835 0.327546 0.000000 0.000000
0.000000 0.000000 -1.000000 0.000000
-0.327546 0.944835 -0.000000 0.000000
-0.078972 -0.006129 1.425743 1.000000

# BoneName=mid_shield_R
50
3
0.000000 0.000000 0.000000
0.944835 -0.327546 -0.000000 0.000000
-0.000000 0.000000 -1.000000 0.000000
0.327546 0.944835 -0.000000 0.000000
0.078238 -0.008247 1.425743 1.000000

# BoneName=shield_L
51
3
0.000000 0.000000 0.000000
0.612938 0.790131 0.000000 -0.000000
-0.790131 0.612938 0.000000 0.000000
0.000000 -0.000000 1.000000 0.000000
1.079559 -0.934434 0.020076 1.000000

# BoneName=shield_R
52
3
0.000000 0.000000 0.000000
0.612938 -0.790131 -0.000000 0.000000
0.790131 0.612938 0.000000 -0.000000
-0.000000 -0.000000 1.000000 0.000000
-1.079559 -0.934434 0.017835 1.000000

# BoneName=mid_shield
53
3
0.000000 0.000000 0.000000
1.000000 -0.000000 0.000000 0.000000
0.000000 -0.071528 -0.997439 0.000000
0.000000 0.997438 -0.071528 0.000000
0.000000 0.120667 1.417675 1.000000

# BoneName=lock
54
0
0.000000 0.000000 0.000000
1.000000 -0.000000 -0.000001 0.000000
-0.000000 -0.962964 -0.269629 0.000000
-0.000001 0.269630 -0.962961 0.000000
0.000000 1.011230 0.473878 1.000000

# BoneName=gown1
55
0
0.000000 0.000000 0.000000
1.000000 -0.000000 -0.000004 0.000000
-0.000001 -0.990027 -0.140875 0.000000
-0.000004 0.140874 -0.990038 0.000000
0.000001 0.916495 0.302439 1.000000

# BoneName=gown2
56
55
0.000000 0.000000 0.000000
1.000000 -0.000000 -0.000005 0.000000
-0.000000 -0.999327 -0.036673 0.000000
-0.000005 0.036673 -0.999338 0.000000
0.000001 0.809229 0.219096 1.000000

# BoneName=gown3
57
56
0.000000 0.000000 0.000000
1.000000 -0.000000 -0.000005 0.000000
-0.000000 -0.996270 -0.086292 0.000000
-0.000005 0.086291 -0.996280 0.000000
0.000001 0.667389 0.252576 1.000000

# BoneName=gown4
58
57
0.000000 0.000000 0.000000
1.000000 -0.000000 -0.000005 0.000000
-0.000001 -0.994692 -0.102900 0.000000
-0.000005 0.102899 -0.994702 0.000000
0.000001 0.511038 0.261137 1.000000

# BoneName=gown5
59
0
0.000000 0.000000 0.000000
1.000000 0.000000 -0.000009 0.000000
0.000002 -0.982092 0.188400 0.000000
-0.000009 -0.188400 -0.982093 0.000000
-0.000002 0.904295 -0.268455 1.000000

# BoneName=gown6
60
59
0.000000 0.000000 0.000000
1.000000 -0.000000 -0.000007 0.000000
-0.000000 -0.999550 -0.030000 0.000000
-0.000007 0.030000 -0.999551 0.000000
-0.000001 0.809681 -0.094390 1.000000

# BoneName=gown7
61
60
0.000000 0.000000 0.000000
1.000000 -0.000000 -0.000010 0.000000
-0.000000 -0.999896 -0.014417 0.000000
-0.000010 0.014417 -0.999897 0.000000
-0.000001 0.676194 -0.104942 1.000000

# BoneName=gown8
62
61
0.000000 0.000000 0.000000
1.000000 -0.000000 -0.000022 0.000000
-0.000000 -0.999870 -0.016119 0.000000
-0.000022 0.016119 -0.999871 0.000000
-0.000002 0.524469 -0.104050 1.000000

# BoneName=gown9
63
62
0.000000 0.000000 0.000000
1.000000 0.000000 -0.000031 0.000000
0.000000 -0.999878 0.015623 0.000000
-0.000031 -0.015623 -0.999879 0.000000
-0.000004 0.344776 -0.115050 1.000000

# BoneName=gown1_R
64
0
0.000000 0.000000 0.000000
0.996033 -0.088957 0.000001 0.000000
-0.088949 -0.995946 -0.013354 0.000000
0.001189 0.013301 -0.999911 0.000000
0.271782 0.968551 0.047946 1.000000

# BoneName=gown_R
65
64
0.000000 0.000000 0.000000
0.993270 -0.115797 -0.000019 0.000000
-0.115787 -0.993183 -0.013450 0.000000
0.001538 0.013361 -0.999910 0.000000
0.294197 0.826811 0.048024 1.000000

# BoneName=gown3_R
66
65
0.000000 0.000000 0.000000
0.999966 -0.007983 -0.000007 0.000000
-0.007979 -0.999417 -0.033182 0.000000
0.000258 0.033181 -0.999449 0.000000
0.217734 0.719493 0.062273 1.000000

# BoneName=gown4_R
67
66
0.000000 0.000000 0.000000
0.996903 -0.078614 0.000051 0.000000
-0.078597 -0.996710 -0.019785 0.000000
0.001606 0.019720 -0.999804 0.000000
0.257498 0.553671 0.054622 1.000000

# BoneName=gown1_L
68
0
0.000000 0.000000 0.000000
0.980751 0.195316 -0.000121 0.000000
0.195302 -0.980665 -0.012429 0.000000
-0.002546 0.012166 -0.999923 0.000000
-0.346106 0.950688 0.047187 1.000000

# BoneName=gown_L
69
68
0.000000 0.000000 0.000000
0.992527 0.122115 0.000005 -0.000000
0.122105 -0.992428 -0.013368 0.000000
-0.001628 0.013269 -0.999911 0.000000
-0.285579 0.827469 0.047968 1.000000

# BoneName=gown3_L
70
69
0.000000 0.000000 0.000000
0.993115 0.117234 -0.000018 0.000000
0.117173 -0.992584 -0.032411 0.000000
-0.003817 0.032185 -0.999474 0.000000
-0.282047 0.692970 0.061721 1.000000

# BoneName=gown4_L
71
70
0.000000 0.000000 0.000000
0.990673 0.136253 0.004701 -0.000000
0.136325 -0.989580 -0.046346 0.000000
-0.001663 0.046554 -0.998914 0.000000
-0.292520 0.532078 0.068611 1.000000
