# BoneCount
72

# BoneName=Bone0
0
-1
0.000000 0.000000 0.000000
1.000000 0.000000 0.000000 0.000000
0.000000 1.000000 0.000000 0.000000
0.000000 0.000000 1.000000 0.000000
0.000000 -1.767470 -0.072918 1.000000

# BoneName=Bone1
1
0
0.000000 0.000000 0.000000
1.000000 0.000000 0.000000 0.000000
-0.000000 0.993490 0.113924 0.000000
0.000000 -0.113924 0.993490 0.000000
0.000000 -2.052880 -0.286490 1.000000

# BoneName=Bone2
2
1
0.000000 0.000000 0.000000
1.000000 0.000000 0.000000 0.000000
-0.000000 0.993490 0.113924 0.000000
0.000000 -0.113924 0.993490 0.000000
0.000000 -2.279874 -0.286490 1.000000

# BoneName=Bone3
3
2
0.000000 0.000000 0.000000
1.000000 0.000000 0.000000 0.000000
0.000000 0.993490 0.113924 0.000000
0.000000 -0.113924 0.993490 0.000000
0.000000 -2.539296 -0.286490 1.000000

# BoneName=Bone4
4
3
0.000000 0.000000 0.000000
1.000000 0.000000 0.000000 0.000000
0.000000 1.000000 -0.000000 0.000000
0.000000 0.000000 1.000000 0.000000
0.000000 -2.845350 0.037910 1.000000

# BoneName=Bone5
5
4
0.000000 0.000000 0.000000
1.000000 0.000000 0.000000 0.000000
0.000000 1.000000 0.000000 0.000000
0.000000 0.000000 1.000000 0.000000
0.000000 -3.046678 -0.041844 1.000000

# BoneName=Bone6
6
3
0.000000 0.000000 0.000000
0.017889 0.945504 0.325119 0.000000
-0.107545 0.325105 -0.939543 0.000000
-0.994039 -0.018158 0.107500 0.000000
0.264009 -1.072654 2.633588 1.000000

# BoneName=Bone7
7
6
0.000000 0.000000 0.000000
-0.038958 0.990382 -0.132764 0.000000
-0.112865 -0.136376 -0.984207 0.000000
-0.992846 -0.023358 0.117092 0.000000
0.301637 0.015842 2.942002 1.000000

# BoneName=Bone8
8
7
0.000000 0.000000 0.000000
0.019818 0.994857 0.099327 -0.000000
-0.112480 0.100935 -0.988514 0.000000
-0.993456 0.008418 0.113902 0.000000
0.251328 -1.121500 2.760015 1.000000

# BoneName=Bone9
9
8
0.000000 0.000000 0.000000
-0.093839 0.992593 0.077164 0.000000
0.032442 0.080514 -0.996226 0.000000
-0.995059 -0.090982 -0.039757 0.000000
-0.008538 -1.683154 2.807152 1.000000

# BoneName=Bone10
10
9
0.000000 0.000000 0.000000
0.451439 0.886842 0.098559 -0.000000
0.276860 -0.034209 -0.960301 0.000000
-0.848264 0.460804 -0.260975 0.000000
-1.458301 -1.208983 2.676455 1.000000

# BoneName=Bone11
11
10
0.000000 0.000000 0.000000
0.340080 0.939484 -0.041429 0.000000
0.125669 -0.089062 -0.988066 0.000000
-0.931962 0.330815 -0.148352 0.000000
-0.833859 -1.243929 2.969841 1.000000

# BoneName=Bone12
12
11
0.000000 0.000000 0.000000
0.343244 0.918836 -0.194745 0.000000
0.140225 -0.255149 -0.956680 0.000000
-0.928720 0.301066 -0.216422 0.000000
-0.881946 -0.807550 3.139109 1.000000

# BoneName=Bone13
13
9
0.000000 0.000000 0.000000
0.179443 0.983749 0.006184 -0.000000
0.071662 -0.006802 -0.997406 0.000000
-0.981155 0.179421 -0.071718 0.000000
-0.487026 -1.542209 2.925312 1.000000

# BoneName=Bone14
14
13
0.000000 0.000000 0.000000
0.215046 0.970014 -0.113261 0.000000
0.070710 -0.131135 -0.988840 0.000000
-0.974041 0.204637 -0.096790 0.000000
-0.545482 -1.283562 3.105658 1.000000

# BoneName=Bone15
15
14
0.000000 0.000000 0.000000
0.245314 0.913898 -0.323439 0.000000
0.060666 -0.347451 -0.935734 0.000000
-0.967544 0.209926 -0.140677 0.000000
-0.570536 -0.627708 3.328360 1.000000

# BoneName=Bone16
16
9
0.000000 0.000000 0.000000
0.004208 0.999883 -0.014740 0.000000
0.043116 -0.014908 -0.998959 0.000000
-0.999061 0.003568 -0.043174 0.000000
-0.196497 -1.549678 2.961476 1.000000

# BoneName=Bone17
17
16
0.000000 0.000000 0.000000
0.036717 0.985841 -0.163614 0.000000
0.047895 -0.165272 -0.985085 0.000000
-0.998177 0.028333 -0.053285 0.000000
-0.266326 -1.204906 3.175674 1.000000

# BoneName=Bone18
18
17
0.000000 0.000000 0.000000
0.085516 0.924392 -0.371735 0.000000
0.035122 -0.375666 -0.926090 0.000000
-0.995718 0.066139 -0.064592 0.000000
-0.316738 -0.562340 3.377398 1.000000

# BoneName=Bone19
19
8
0.000000 0.000000 0.000000
-0.141074 -0.038327 -0.989257 0.000000
-0.012340 -0.999105 0.040468 0.000000
-0.989922 0.017916 0.140475 0.000000
0.190614 3.084026 1.269417 1.000000

# BoneName=Bone20
20
19
0.000000 0.000000 0.000000
0.056917 -0.076613 -0.995435 0.000000
-0.054358 -0.995811 0.073534 0.000000
-0.996898 0.049924 -0.060843 0.000000
0.036865 3.027575 1.172475 1.000000

# BoneName=Bone21
21
20
0.000000 0.000000 0.000000
0.119271 -0.026712 -0.992503 0.000000
-0.020885 -0.999485 0.024390 0.000000
-0.992642 0.017820 -0.119768 0.000000
-0.138884 2.723098 1.298667 1.000000

# BoneName=Bone22
22
21
0.000000 0.000000 0.000000
-0.089728 -0.000227 -0.995966 0.000000
-0.023121 -0.999730 0.002311 0.000000
-0.995698 0.023235 0.089699 0.000000
0.153796 2.522110 1.364952 1.000000

# BoneName=Bone23
23
7
0.000000 0.000000 0.000000
-0.139495 -0.006501 -0.990202 0.000000
-0.004355 -0.999965 0.007179 0.000000
-0.990213 0.005314 0.139462 0.000000
0.060108 3.041456 0.837829 1.000000

# BoneName=Bone24
24
23
0.000000 0.000000 0.000000
0.040140 -0.011373 -0.999129 0.000000
-0.100462 -0.994914 0.007289 0.000000
-0.994131 0.100082 -0.041078 0.000000
0.185930 2.916134 0.832008 1.000000

# BoneName=Bone25
25
24
0.000000 0.000000 0.000000
0.125718 -0.023344 -0.991791 0.000000
-0.080253 -0.996686 0.013287 0.000000
-0.988814 0.077924 -0.127175 0.000000
0.057079 2.784608 0.804105 1.000000

# BoneName=Bone26
26
25
0.000000 0.000000 0.000000
0.112567 -0.051705 -0.992298 0.000000
-0.063987 -0.996949 0.044689 0.000000
-0.991582 0.058464 -0.115532 0.000000
0.025077 2.687078 0.721942 1.000000

# BoneName=Bone27
27
3
0.000000 0.000000 0.000000
0.056038 -0.945504 -0.320753 0.000000
0.107538 0.325105 -0.939544 0.000000
0.992621 0.018157 0.119896 0.000000
-0.262650 -1.071277 2.634220 1.000000

# BoneName=Bone28
28
27
0.000000 0.000000 0.000000
-0.035762 -0.990453 0.133127 0.000000
0.114035 -0.136386 -0.984071 0.000000
0.992833 -0.020011 0.117824 -0.000000
-0.317186 0.016260 2.940192 1.000000

# BoneName=Bone29
29
28
0.000000 0.000000 0.000000
0.001078 -0.994760 -0.102229 0.000000
0.116470 0.101658 -0.987978 0.000000
0.993195 -0.010841 0.115969 0.000000
-0.293338 -1.124399 2.754431 1.000000

# BoneName=Bone30
30
29
0.000000 0.000000 0.000000
-0.102482 -0.990238 -0.094486 0.000000
-0.051241 0.100116 -0.993655 0.000000
0.993414 -0.096991 -0.061000 0.000000
0.048419 -1.732819 2.773987 1.000000

# BoneName=Bone31
31
30
0.000000 0.000000 0.000000
0.428401 -0.900937 -0.069179 0.000000
-0.160560 -0.000558 -0.987026 0.000000
0.889210 0.433950 -0.144893 0.000000
1.078486 -1.316064 2.792674 1.000000

# BoneName=Bone32
32
31
0.000000 0.000000 0.000000
0.367580 -0.928395 0.054456 0.000000
-0.185322 -0.130504 -0.973973 0.000000
0.911339 0.347921 -0.220023 0.000000
1.053544 -1.106320 2.954832 1.000000

# BoneName=Bone33
33
32
0.000000 0.000000 0.000000
0.316363 -0.944826 0.084955 0.000000
-0.196460 -0.152868 -0.968522 0.000000
0.928072 0.289714 -0.233982 0.000000
0.999665 -1.145366 2.990778 1.000000

# BoneName=Bone34
34
30
0.000000 0.000000 0.000000
0.179337 -0.983728 -0.010770 0.000000
-0.112740 -0.009674 -0.993577 0.000000
0.977306 0.179398 -0.112640 0.000000
0.605270 -1.530538 2.908051 1.000000

# BoneName=Bone35
35
34
0.000000 0.000000 0.000000
0.180625 -0.978917 0.095370 0.000000
-0.113092 -0.116993 -0.986673 0.000000
0.977029 0.167432 -0.131840 0.000000
0.608523 -1.337737 3.070143 1.000000

# BoneName=Bone36
36
35
0.000000 0.000000 0.000000
0.170383 -0.939725 0.296457 0.000000
-0.116390 -0.317943 -0.940939 0.000000
0.978480 0.125815 -0.163546 0.000000
0.599781 -0.756050 3.297545 1.000000

# BoneName=Bone37
37
30
0.000000 0.000000 0.000000
0.017162 -0.999755 0.013946 0.000000
-0.085685 -0.015367 -0.996204 0.000000
0.996174 0.015902 -0.085928 0.000000
0.340409 -1.544112 2.952468 1.000000

# BoneName=Bone38
38
37
0.000000 0.000000 0.000000
0.078815 -0.984667 0.155629 0.000000
-0.074985 -0.161528 -0.984015 0.000000
0.994065 0.065886 -0.086566 0.000000
0.414441 -1.208037 3.159364 1.000000

# BoneName=Bone39
39
38
0.000000 0.000000 0.000000
0.067383 -0.928394 0.365439 0.000000
-0.061233 -0.369429 -0.927240 0.000000
0.995847 0.040103 -0.081741 0.000000
0.353649 -0.586625 3.370956 1.000000

# BoneName=Bone40
40
37
0.000000 0.000000 0.000000
0.102125 0.043437 0.993823 -0.000000
0.004440 -0.999056 0.043209 0.000000
0.994762 -0.000000 -0.102222 0.000000
0.221059 2.899597 1.575069 1.000000

# BoneName=Bone41
41
29
0.000000 0.000000 0.000000
-0.141075 0.038327 0.989257 0.000000
0.012339 -0.999105 0.040468 0.000000
0.989922 0.017916 0.140476 -0.000000
-0.190617 3.084026 1.269418 1.000000

# BoneName=Bone42
42
41
0.000000 0.000000 0.000000
0.056917 0.076614 0.995435 -0.000000
0.054357 -0.995810 0.073535 0.000000
0.996898 0.049924 -0.060843 0.000000
-0.036867 3.027576 1.172467 1.000000

# BoneName=Bone43
43
42
0.000000 0.000000 0.000000
0.119271 0.026712 0.992503 -0.000000
0.020885 -0.999485 0.024390 0.000000
0.992642 0.017820 -0.119768 0.000000
0.138884 2.723098 1.298667 1.000000

# BoneName=Bone44
44
43
0.000000 0.000000 0.000000
-0.089728 0.000227 0.995966 0.000000
0.023121 -0.999730 0.002311 0.000000
0.995698 0.023235 0.089699 -0.000000
-0.153796 2.522112 1.364952 1.000000

# BoneName=Bone45
45
28
0.000000 0.000000 0.000000
-0.139495 0.006500 0.990202 0.000000
0.004355 -0.999965 0.007178 0.000000
0.990213 0.005313 0.139462 -0.000000
-0.060106 3.041457 0.837830 1.000000

# BoneName=Bone46
46
45
0.000000 0.000000 0.000000
0.040140 0.011374 0.999130 -0.000000
0.100462 -0.994914 0.007290 0.000000
0.994131 0.100082 -0.041078 0.000000
-0.185931 2.916136 0.832006 1.000000

# BoneName=Bone47
47
46
0.000000 0.000000 0.000000
0.125718 0.023344 0.991791 -0.000000
0.080253 -0.996686 0.013287 0.000000
0.988815 0.077924 -0.127175 0.000000
-0.057077 2.784608 0.804104 1.000000

# BoneName=Bone48
48
47
0.000000 0.000000 0.000000
0.112567 0.051706 0.992298 -0.000000
0.063987 -0.996950 0.044689 0.000000
0.991582 0.058464 -0.115532 0.000000
-0.025078 2.687078 0.721941 1.000000

# BoneName=Bone49
49
3
0.000000 0.000000 0.000000
0.944835 0.327546 0.000000 0.000000
-0.000000 0.000000 -1.000000 0.000000
-0.327546 0.944835 0.000000 -0.000000
-0.157944 -0.012258 2.851489 1.000000

# BoneName=Bone50
50
3
0.000000 0.000000 0.000000
0.944835 -0.327546 -0.000000 0.000000
0.000000 0.000000 -1.000000 0.000000
0.327546 0.944835 0.000000 -0.000000
0.156476 -0.016494 2.851489 1.000000

# BoneName=Bone51
51
3
0.000000 0.000000 0.000000
0.612938 0.790131 0.000000 0.000000
-0.790131 0.612938 -0.000000 0.000000
0.000000 -0.000000 1.000000 0.000000
2.159118 -1.868868 0.040152 1.000000

# BoneName=Bone52
52
3
0.000000 0.000000 0.000000
0.612938 -0.790131 0.000000 0.000000
0.790131 0.612938 0.000000 0.000000
0.000000 0.000000 1.000000 0.000000
-2.159118 -1.868870 0.035668 1.000000

# BoneName=Bone53
53
3
0.000000 0.000000 0.000000
1.000000 0.000000 0.000000 0.000000
0.000000 -0.071528 -0.997439 0.000000
0.000000 0.997438 -0.071528 0.000000
-0.000000 0.241334 2.835350 1.000000

# BoneName=Bone54
54
0
0.000000 0.000000 0.000000
1.000000 0.000000 -0.000001 0.000000
-0.000000 -0.962964 -0.269629 0.000000
-0.000001 0.269630 -0.962961 0.000000
0.000000 2.022460 0.947756 1.000000

# BoneName=Bone55
55
0
0.000000 0.000000 0.000000
1.000000 -0.000000 -0.000004 0.000000
-0.000001 -0.990027 -0.140875 0.000000
-0.000004 0.140874 -0.990038 0.000000
0.000002 1.832990 0.604878 1.000000

# BoneName=Bone56
56
55
0.000000 0.000000 0.000000
1.000000 0.000000 -0.000005 0.000000
-0.000000 -0.999327 -0.036673 0.000000
-0.000005 0.036673 -0.999338 0.000000
0.000002 1.618460 0.438192 1.000000

# BoneName=Bone57
57
56
0.000000 0.000000 0.000000
1.000000 0.000000 -0.000005 0.000000
-0.000000 -0.996270 -0.086292 0.000000
-0.000005 0.086291 -0.996280 0.000000
0.000004 1.334778 0.505150 1.000000

# BoneName=Bone58
58
57
0.000000 0.000000 0.000000
1.000000 -0.000000 -0.000005 0.000000
-0.000001 -0.994692 -0.102900 0.000000
-0.000005 0.102899 -0.994702 0.000000
0.000002 1.022076 0.522274 1.000000

# BoneName=Bone59
59
0
0.000000 0.000000 0.000000
1.000000 0.000000 -0.000009 0.000000
0.000002 -0.982092 0.188400 0.000000
-0.000009 -0.188400 -0.982093 0.000000
-0.000004 1.808592 -0.536910 1.000000

# BoneName=Bone60
60
59
0.000000 0.000000 0.000000
1.000000 0.000000 -0.000007 0.000000
-0.000000 -0.999550 -0.030000 0.000000
-0.000007 0.030000 -0.999551 0.000000
-0.000002 1.619362 -0.188780 1.000000

# BoneName=Bone61
61
60
0.000000 0.000000 0.000000
1.000000 0.000000 -0.000010 0.000000
-0.000000 -0.999896 -0.014417 0.000000
-0.000010 0.014417 -0.999897 0.000000
-0.000002 1.352388 -0.209884 1.000000

# BoneName=Bone62
62
61
0.000000 0.000000 0.000000
1.000000 0.000000 -0.000022 0.000000
-0.000000 -0.999870 -0.016119 0.000000
-0.000022 0.016119 -0.999871 0.000000
-0.000004 1.048938 -0.208100 1.000000

# BoneName=Bone63
63
62
0.000000 0.000000 0.000000
1.000000 -0.000000 -0.000031 0.000000
0.000000 -0.999878 0.015623 0.000000
-0.000031 -0.015623 -0.999879 0.000000
-0.000008 0.689552 -0.230100 1.000000

# BoneName=Bone64
64
0
0.000000 0.000000 0.000000
0.996033 -0.088957 0.000001 0.000000
-0.088949 -0.995946 -0.013354 0.000000
0.001189 0.013301 -0.999911 0.000000
0.543564 1.937104 0.095892 1.000000

# BoneName=Bone65
65
64
0.000000 0.000000 0.000000
0.993270 -0.115797 -0.000019 0.000000
-0.115787 -0.993183 -0.013450 0.000000
0.001538 0.013361 -0.999910 0.000000
0.588394 1.653622 0.096045 1.000000

# BoneName=Bone66
66
65
0.000000 0.000000 0.000000
0.999966 -0.007983 -0.000007 0.000000
-0.007979 -0.999417 -0.033182 0.000000
0.000258 0.033181 -0.999449 0.000000
0.435468 1.438986 0.124546 1.000000

# BoneName=Bone67
67
66
0.000000 0.000000 0.000000
0.996903 -0.078614 0.000051 0.000000
-0.078597 -0.996710 -0.019785 0.000000
0.001606 0.019720 -0.999804 0.000000
0.514996 1.107342 0.109244 1.000000

# BoneName=Bone68
68
0
0.000000 0.000000 0.000000
0.980751 0.195316 -0.000121 0.000000
0.195302 -0.980665 -0.012429 0.000000
-0.002546 0.012166 -0.999923 0.000000
-0.692211 1.901375 0.094374 1.000000

# BoneName=Bone69
69
68
0.000000 0.000000 0.000000
0.992527 0.122115 0.000005 -0.000000
0.122105 -0.992428 -0.013368 0.000000
-0.001628 0.013269 -0.999911 0.000000
-0.571158 1.654938 0.095937 1.000000

# BoneName=Bone70
70
69
0.000000 0.000000 0.000000
0.993115 0.117234 -0.000018 0.000000
0.117173 -0.992584 -0.032411 0.000000
-0.003817 0.032185 -0.999474 0.000000
-0.564094 1.385940 0.123442 1.000000

# BoneName=Bone71
71
70
0.000000 0.000000 0.000000
0.990673 0.136253 0.004701 -0.000000
0.136325 -0.989580 -0.046346 0.000000
-0.001663 0.046554 -0.998914 0.000000
-0.585040 1.064156 0.137222 1.000000
