# BoneCount
17

# BoneName=RigPelvis
0
-1
0.000000 0.000000 0.000000
-0.000000 0.000000 1.000000 0.000000
-0.342020 -0.939693 0.000000 0.000000
0.939693 -0.342020 0.000000 -0.000000
-54.529652 22.100796 -0.000011 1.000000

# BoneName=RigSpine
1
0
0.000000 0.000000 0.000000
-0.000000 0.000000 1.000000 0.000000
-0.323994 -0.946059 -0.000000 0.000000
0.946059 -0.323994 0.000000 -0.000000
-54.942184 21.054337 -0.000015 1.000000

# BoneName=RigRibcage
2
1
0.000000 0.000000 0.000000
-0.000000 0.000000 1.000000 0.000000
-0.000000 -1.000000 0.000000 0.000000
1.000000 -0.000000 -0.000000 0.000000
-77.657951 -4.340485 0.000008 1.000000

# BoneName=RigNeck
3
2
0.000000 0.000000 0.000000
-0.000000 -0.000005 1.000000 0.000000
-0.045410 -0.998968 -0.000005 0.000000
0.998968 -0.045410 0.000000 -0.000000
-77.774956 -0.809526 -0.000019 1.000000

# BoneName=RigHead
4
3
0.000000 0.000000 0.000000
-0.000000 0.000000 1.000000 0.000000
0.087156 -0.996195 0.000000 0.000000
0.996195 0.087156 -0.000000 0.000000
-86.398155 -12.348870 0.000022 1.000000

# BoneName=RigJaw
5
4
0.000000 0.000000 0.000000
0.000000 0.000000 1.000000 -0.000000
-0.996195 0.087156 -0.000000 0.000000
-0.087156 -0.996195 0.000000 0.000000
2.175725 87.359322 -0.000017 1.000000

# BoneName=RigLArm1
6
2
0.000000 0.000000 0.000000
0.683272 0.726711 0.070935 -0.000000
-0.645929 0.646886 -0.405357 0.000000
-0.340464 0.231150 0.911402 0.000000
-7.986654 -24.513483 -76.868942 1.000000

# BoneName=RigLArm2
7
6
0.000000 0.000000 0.000000
0.482377 0.521256 -0.703992 0.000000
-0.348218 -0.623339 -0.700137 0.000000
-0.803776 0.582873 -0.119173 0.000000
32.473171 -73.815819 14.521960 1.000000

# BoneName=RigLArm3
8
7
0.000000 0.000000 0.000000
0.226059 0.597354 -0.769457 0.000000
-0.103324 -0.770749 -0.628706 0.000000
-0.968618 0.221630 -0.112513 0.000000
53.860600 -56.304211 18.284634 1.000000

# BoneName=RigRArm1
9
2
0.000000 0.000000 0.000000
-0.683270 -0.726712 0.070934 0.000000
-0.645930 0.646884 0.405358 0.000000
-0.340464 0.231150 -0.911402 0.000000
-7.986652 -24.513582 76.868919 1.000000

# BoneName=RigRArm2
10
9
0.000000 0.000000 0.000000
-0.482375 -0.521251 -0.703997 0.000000
-0.348221 -0.623344 0.700132 0.000000
-0.803777 0.582872 0.119175 0.000000
32.473198 -73.815659 -14.522387 1.000000

# BoneName=RigRArm3
11
10
0.000000 0.000000 0.000000
-0.226054 -0.597318 -0.769487 0.000000
-0.103329 -0.770775 0.628673 0.000000
-0.968619 0.221624 0.112517 0.000000
53.860729 -56.303246 -18.286808 1.000000

# BoneName=RigTail1
12
0
0.000000 0.000000 0.000000
0.000000 0.000000 1.000000 -0.000000
0.812033 0.583612 -0.000000 0.000000
-0.583612 0.812033 -0.000000 0.000000
32.596745 -48.983479 0.000011 1.000000

# BoneName=RigTail2
13
12
0.000000 0.000000 0.000000
0.000000 0.000000 1.000000 0.000000
0.925159 0.379581 -0.000000 0.000000
-0.379581 0.925159 -0.000000 0.000000
10.039454 -52.744991 0.000007 1.000000

# BoneName=RigTail3
14
13
0.000000 0.000000 0.000000
-0.000000 0.000000 1.000000 -0.000000
0.981516 -0.191380 0.000000 0.000000
0.191380 0.981516 -0.000000 0.000000
-30.919880 -42.794060 0.000004 1.000000

# BoneName=RigTail4
15
14
0.000000 0.000000 0.000000
0.000000 0.000000 1.000000 -0.000000
0.937874 -0.346974 0.000000 0.000000
0.346974 0.937874 -0.000000 0.000000
-50.967365 -35.042286 0.000001 1.000000

# BoneName=RigTail5
16
15
0.000000 0.000000 0.000000
0.000000 0.000000 1.000000 -0.000000
0.819152 -0.573577 0.000000 0.000000
0.573576 0.819152 -0.000000 0.000000
-67.063828 -18.636814 0.000006 1.000000
