# BoneCount
65

# BoneName=Bone0
0
-1
0.000000 0.000000 0.000000
0.000000 0.000000 1.000000 0.000000
0.000000 1.000000 0.000000 0.000000
-1.000000 0.000000 0.000000 0.000000
2.409294 -102.713074 1.097916 1.000000

# BoneName=Bone1
1
0
0.000000 0.000000 0.000000
-0.000000 -0.175362 0.984504 0.000000
-0.000000 0.984504 0.175362 0.000000
-1.000000 0.000000 -0.000000 0.000000
2.409309 -114.078133 -16.931087 1.000000

# BoneName=Bone2
2
1
0.000000 0.000000 0.000000
-0.000000 -0.175362 0.984504 0.000000
-0.000000 0.984504 0.175362 0.000000
-1.000000 0.000000 -0.000000 0.000000
2.409309 -128.970016 -16.931095 1.000000

# BoneName=Bone3
3
2
0.000000 0.000000 0.000000
-0.000000 -0.175362 0.984504 0.000000
-0.000000 0.984504 0.175362 0.000000
-1.000000 0.000000 -0.000000 0.000000
2.409309 -145.989136 -16.931084 1.000000

# BoneName=Bone4
4
3
0.000000 0.000000 0.000000
0.000000 0.000000 1.000000 0.000000
0.000000 1.000000 0.000000 0.000000
-1.000000 0.000000 0.000000 0.000000
2.409309 -165.545563 12.289857 1.000000

# BoneName=Bone5
5
4
0.000000 0.000000 0.000000
0.000000 0.000000 1.000000 0.000000
0.000000 1.000000 0.000000 0.000000
-1.000000 0.000000 0.000000 0.000000
2.409297 -171.068832 9.859887 1.000000

# BoneName=Bone6
6
5
0.000000 0.000000 0.000000
0.000000 0.000000 1.000000 0.000000
0.000000 1.000000 0.000000 0.000000
-1.000000 0.000000 0.000000 0.000000
2.409294 -194.923325 -0.634757 1.000000

# BoneName=Bone7
7
3
0.000000 0.000000 0.000000
-0.984185 0.100958 0.145562 0.000000
-0.174736 -0.418189 -0.891395 0.000000
-0.029121 -0.902732 0.429216 0.000000
16.912594 64.141869 148.411011 1.000000

# BoneName=Bone8
8
7
0.000000 0.000000 0.000000
-0.932240 -0.067744 -0.355442 0.000000
0.277139 -0.765252 -0.581019 0.000000
-0.232642 -0.640156 0.732174 0.000000
-56.809196 104.744934 101.683296 1.000000

# BoneName=Bone9
9
8
0.000000 0.000000 0.000000
-0.901148 0.318543 -0.294043 0.000000
0.005029 -0.670556 -0.741841 0.000000
-0.433481 -0.669988 0.602669 0.000000
-28.418308 65.865669 118.539703 1.000000

# BoneName=Bone10
10
9
0.000000 0.000000 0.000000
-0.900293 0.432826 -0.046197 0.000000
-0.385878 -0.842709 -0.375418 0.000000
-0.201422 -0.320160 0.925704 0.000000
29.300510 76.510178 97.204788 1.000000

# BoneName=Bone11
11
10
0.000000 0.000000 0.000000
-0.723015 0.614940 -0.314798 0.000000
-0.626872 -0.775493 -0.075107 0.000000
-0.290310 0.143035 0.946182 0.000000
52.499233 91.128685 64.103775 1.000000

# BoneName=Bone12
12
11
0.000000 0.000000 0.000000
-0.723015 0.513081 -0.462598 0.000000
-0.626872 -0.768665 0.127218 0.000000
-0.290310 0.381971 0.877393 0.000000
53.331284 100.050652 39.666943 1.000000

# BoneName=Bone13
13
12
0.000000 0.000000 0.000000
-0.723015 0.595317 -0.350495 0.000000
-0.626872 -0.778572 -0.029269 0.000000
-0.290310 0.198553 0.936107 0.000000
53.188801 85.567688 57.974899 1.000000

# BoneName=Bone14
14
13
0.000000 0.000000 0.000000
-0.723015 0.595317 -0.350495 0.000000
-0.626872 -0.778572 -0.029269 0.000000
-0.290310 0.198553 0.936107 0.000000
52.499165 81.851868 57.974895 1.000000

# BoneName=Bone15
15
10
0.000000 0.000000 0.000000
-0.946136 0.281086 -0.160680 0.000000
-0.280839 -0.959437 -0.024721 0.000000
-0.161111 0.021736 0.986697 0.000000
26.524170 98.371376 66.035942 1.000000

# BoneName=Bone16
16
15
0.000000 0.000000 0.000000
-0.946135 0.230438 -0.227433 0.000000
-0.280839 -0.933650 0.222323 0.000000
-0.161111 0.274220 0.948075 0.000000
26.499104 107.591629 39.756657 1.000000

# BoneName=Bone17
17
16
0.000000 0.000000 0.000000
-0.946136 0.276463 -0.168509 0.000000
-0.280839 -0.959752 0.002227 0.000000
-0.161111 0.049431 0.985698 0.000000
26.552732 91.589973 62.430752 1.000000

# BoneName=Bone18
18
17
0.000000 0.000000 0.000000
-0.946136 0.276463 -0.168509 0.000000
-0.280839 -0.959752 0.002227 0.000000
-0.161111 0.049431 0.985698 0.000000
26.523836 88.261566 62.430759 1.000000

# BoneName=Bone19
19
10
0.000000 0.000000 0.000000
-0.948443 0.278454 -0.151391 0.000000
-0.274402 -0.960443 -0.047453 0.000000
-0.158616 -0.003464 0.987334 0.000000
22.494787 97.066147 69.117081 1.000000

# BoneName=Bone20
20
19
0.000000 0.000000 0.000000
-0.948443 0.242871 -0.203640 0.000000
-0.274402 -0.950758 0.144093 0.000000
-0.158616 0.192543 0.968384 0.000000
22.431009 103.740196 49.514774 1.000000

# BoneName=Bone21
21
20
0.000000 0.000000 0.000000
-0.948443 0.204105 -0.242480 0.000000
-0.274402 -0.911653 0.305929 0.000000
-0.158616 0.356693 0.920658 0.000000
22.442671 106.318726 31.650650 1.000000

# BoneName=Bone22
22
21
0.000000 0.000000 0.000000
-0.948443 0.204105 -0.242480 0.000000
-0.274402 -0.911653 0.305929 0.000000
-0.158616 0.356693 0.920658 0.000000
22.494139 102.468437 31.650627 1.000000

# BoneName=Bone23
23
10
0.000000 0.000000 0.000000
-0.952360 0.275054 -0.131738 0.000000
-0.263103 -0.959446 -0.101192 0.000000
-0.154229 -0.061710 0.986106 0.000000
18.199909 92.008560 74.464600 1.000000

# BoneName=Bone24
24
23
0.000000 0.000000 0.000000
-0.952360 0.172357 -0.251601 0.000000
-0.263103 -0.881535 0.392010 0.000000
-0.154229 0.439532 0.884887 0.000000
18.090378 113.029022 20.735970 1.000000

# BoneName=Bone25
25
24
0.000000 0.000000 0.000000
-0.952360 0.118258 -0.281113 0.000000
-0.263103 -0.784731 0.561225 0.000000
-0.154229 0.608450 0.778461 0.000000
18.123842 111.231964 -1.658988 1.000000

# BoneName=Bone26
26
25
0.000000 0.000000 0.000000
-0.952360 0.118258 -0.281113 0.000000
-0.263103 -0.784731 0.561225 0.000000
-0.154229 0.608450 0.778461 0.000000
18.199688 107.923180 -1.659018 1.000000

# BoneName=Bone27
27
10
0.000000 0.000000 0.000000
-0.962856 0.174047 -0.206438 0.000000
-0.230062 -0.929033 0.289776 0.000000
-0.141353 0.326506 0.934566 0.000000
12.735829 114.007942 32.156754 1.000000

# BoneName=Bone28
28
27
0.000000 0.000000 0.000000
-0.962855 0.129971 -0.236678 0.000000
-0.230062 -0.853747 0.467106 0.000000
-0.141353 0.504206 0.851936 0.000000
12.725595 114.645164 9.764674 1.000000

# BoneName=Bone29
29
28
0.000000 0.000000 0.000000
-0.962856 0.205001 -0.175738 0.000000
-0.230062 -0.963557 0.136489 0.000000
-0.141353 0.171850 0.974929 0.000000
12.747768 101.534851 48.641212 1.000000

# BoneName=Bone30
30
29
0.000000 0.000000 0.000000
-0.962856 0.205001 -0.175738 0.000000
-0.230062 -0.963557 0.136489 0.000000
-0.141353 0.171850 0.974929 0.000000
12.736062 99.923035 48.641209 1.000000

# BoneName=Bone31
31
3
0.000000 0.000000 0.000000
0.967273 -0.100957 0.232787 0.000000
0.171050 -0.418189 -0.892108 0.000000
0.187414 0.902731 -0.387234 0.000000
-16.904287 57.310875 151.565079 1.000000

# BoneName=Bone32
32
31
0.000000 0.000000 0.000000
0.976195 -0.173383 -0.130314 0.000000
-0.216717 -0.755398 -0.618392 0.000000
0.008780 0.631912 -0.774990 0.000000
47.867813 98.424217 113.611107 1.000000

# BoneName=Bone33
33
32
0.000000 0.000000 0.000000
0.950133 0.232009 0.208372 -0.000000
0.311725 -0.688104 -0.655241 0.000000
-0.008640 0.687521 -0.726113 0.000000
-21.765610 65.097908 123.110764 1.000000

# BoneName=Bone34
34
33
0.000000 0.000000 0.000000
0.921769 0.371075 0.112449 -0.000000
0.385007 -0.841571 -0.378851 0.000000
-0.045948 0.392507 -0.918600 0.000000
-27.969069 74.158600 103.196976 1.000000

# BoneName=Bone35
35
34
0.000000 0.000000 0.000000
0.780540 0.604352 -0.159740 0.000000
0.605768 -0.794350 -0.045328 0.000000
-0.154283 -0.061385 -0.986118 0.000000
-48.796936 95.274590 66.467506 1.000000

# BoneName=Bone36
36
35
0.000000 0.000000 0.000000
0.780540 0.556790 -0.284151 0.000000
0.605767 -0.785921 0.123992 0.000000
-0.154283 -0.268910 -0.950728 0.000000
-49.705750 102.560219 45.778797 1.000000

# BoneName=Bone37
37
36
0.000000 0.000000 0.000000
0.780540 0.586818 -0.215411 0.000000
0.605767 -0.795115 0.028959 0.000000
-0.154283 -0.153093 -0.976094 0.000000
-49.716732 91.793098 57.185627 1.000000

# BoneName=Bone38
38
37
0.000000 0.000000 0.000000
0.780540 0.586818 -0.215411 0.000000
0.605767 -0.795115 0.028959 0.000000
-0.154283 -0.153093 -0.976094 0.000000
-48.797699 88.316032 57.185627 1.000000

# BoneName=Bone39
39
34
0.000000 0.000000 0.000000
0.970497 0.239619 0.026794 0.000000
0.240306 -0.970340 -0.026312 0.000000
0.019695 0.031975 -0.999295 0.000000
-22.696600 98.921051 72.340073 1.000000

# BoneName=Bone40
40
39
0.000000 0.000000 0.000000
0.970497 0.237082 -0.043903 0.000000
0.240307 -0.936211 0.256440 0.000000
0.019695 -0.259425 -0.965563 0.000000
-22.677444 111.536797 41.765713 1.000000

# BoneName=Bone41
41
40
0.000000 0.000000 0.000000
0.970497 0.240430 0.018123 -0.000000
0.240307 -0.970658 0.008749 0.000000
0.019695 -0.004136 -0.999797 0.000000
-22.716854 92.949371 67.761154 1.000000

# BoneName=Bone42
42
41
0.000000 0.000000 0.000000
0.970497 0.240430 0.018123 -0.000000
0.240307 -0.970658 0.008749 0.000000
0.019695 -0.004136 -0.999797 0.000000
-22.695673 89.565582 67.761101 1.000000

# BoneName=Bone43
43
34
0.000000 0.000000 0.000000
0.970318 0.234896 0.057509 0.000000
0.241057 -0.958497 -0.152233 0.000000
0.019363 0.161577 -0.986670 0.000000
-19.276798 88.940445 85.206131 1.000000

# BoneName=Bone44
44
43
0.000000 0.000000 0.000000
0.970318 0.237560 -0.045261 0.000000
0.241057 -0.935127 0.259672 0.000000
0.019363 -0.262875 -0.964636 0.000000
-19.194544 111.667213 42.676659 1.000000

# BoneName=Bone45
45
44
0.000000 0.000000 0.000000
0.970318 0.227969 -0.080707 0.000000
0.241057 -0.885031 0.398261 0.000000
0.019363 -0.405894 -0.913715 0.000000
-19.223520 111.905136 26.034418 1.000000

# BoneName=Bone46
46
45
0.000000 0.000000 0.000000
0.970318 0.227969 -0.080707 0.000000
0.241057 -0.885031 0.398261 0.000000
0.019363 -0.405895 -0.913715 0.000000
-19.276817 107.874084 26.033739 1.000000

# BoneName=Bone47
47
34
0.000000 0.000000 0.000000
0.959793 0.277460 0.042578 0.000000
0.280702 -0.949602 -0.139508 0.000000
0.001724 0.145850 -0.989305 0.000000
-18.286594 88.752380 83.945976 1.000000

# BoneName=Bone48
48
47
0.000000 0.000000 0.000000
0.959793 0.260931 -0.103498 0.000000
0.280702 -0.889891 0.359584 0.000000
0.001724 -0.374178 -0.927355 0.000000
-18.159880 115.014465 29.917608 1.000000

# BoneName=Bone49
49
48
0.000000 0.000000 0.000000
0.959793 0.247861 -0.131763 0.000000
0.280702 -0.844586 0.455939 0.000000
0.001724 -0.474593 -0.880204 0.000000
-18.214741 113.606743 17.440851 1.000000

# BoneName=Bone50
50
49
0.000000 0.000000 0.000000
0.959793 0.247861 -0.131763 0.000000
0.280702 -0.844586 0.455939 0.000000
0.001724 -0.474593 -0.880204 0.000000
-18.286222 110.381027 17.440916 1.000000

# BoneName=Bone51
51
34
0.000000 0.000000 0.000000
0.974582 0.216944 -0.055906 0.000000
0.222324 -0.905798 0.360697 0.000000
0.027611 -0.363958 -0.931006 0.000000
-11.148263 118.783043 28.965824 1.000000

# BoneName=Bone52
52
51
0.000000 0.000000 0.000000
0.974582 0.209719 -0.078792 0.000000
0.222324 -0.862017 0.455520 0.000000
0.027611 -0.461459 -0.886732 0.000000
-11.149041 117.810913 16.457836 1.000000

# BoneName=Bone53
53
52
0.000000 0.000000 0.000000
0.974582 0.222272 -0.028021 0.000000
0.222324 -0.944141 0.243248 0.000000
0.027611 -0.243295 -0.969559 0.000000
-11.156507 108.268684 42.724251 1.000000

# BoneName=Bone54
54
53
0.000000 0.000000 0.000000
0.974582 0.222272 -0.028021 0.000000
0.222324 -0.944141 0.243248 0.000000
0.027611 -0.243295 -0.969559 0.000000
-11.148146 106.340195 42.724255 1.000000

# BoneName=Bone55
55
0
0.000000 0.000000 0.000000
-0.005863 -0.050956 0.998684 0.000000
-0.114156 -0.992138 -0.051292 0.000000
0.993446 -0.114306 0.000000 -0.000000
19.374130 93.852913 7.683123 1.000000

# BoneName=Bone56
56
55
0.000000 0.000000 0.000000
-0.000710 -0.092481 0.995714 0.000000
-0.013819 -0.995618 -0.092482 0.000000
0.999904 -0.013825 -0.000571 0.000000
13.935755 54.425526 9.938670 1.000000

# BoneName=Bone57
57
56
0.000000 0.000000 0.000000
0.112635 0.746211 0.656111 -0.000000
-0.024256 -0.658052 0.752581 0.000000
0.993340 -0.100682 -0.056019 0.000000
14.976701 16.184383 -8.184124 1.000000

# BoneName=Bone58
58
57
0.000000 0.000000 0.000000
0.165923 0.985988 0.017231 -0.000000
0.037381 -0.023749 0.999019 0.000000
0.985430 -0.165116 -0.040798 0.000000
14.257012 -8.485088 -5.139831 1.000000

# BoneName=Bone59
59
58
0.000000 0.000000 0.000000
0.165923 0.985988 0.017231 -0.000000
0.037381 -0.023749 0.999019 0.000000
0.985430 -0.165116 -0.040798 0.000000
14.256997 -16.530378 -5.139814 1.000000

# BoneName=Bone60
60
0
0.000000 0.000000 0.000000
-0.000321 0.002785 0.999996 -0.000000
0.114454 -0.993425 0.002803 0.000000
0.993429 0.114454 0.000000 -0.000000
-24.207897 93.582855 6.105662 1.000000

# BoneName=Bone61
61
60
0.000000 0.000000 0.000000
-0.000039 -0.130532 0.991444 0.000000
0.013890 -0.991348 -0.130519 0.000000
0.999903 0.013766 0.001852 -0.000000
-18.761604 53.755302 13.391839 1.000000

# BoneName=Bone62
62
61
0.000000 0.000000 0.000000
-0.111135 0.739534 0.663881 0.000000
0.028427 -0.665381 0.745963 0.000000
0.993399 0.101775 0.052924 -0.000000
-20.144102 17.885836 -6.303593 1.000000

# BoneName=Bone63
63
62
0.000000 0.000000 0.000000
-0.170072 0.985270 0.017998 0.000000
-0.038412 -0.024878 0.998955 0.000000
0.984687 0.169202 0.042077 -0.000000
-19.499544 -6.236229 -5.305366 1.000000

# BoneName=Bone64
64
63
0.000000 0.000000 0.000000
-0.170072 0.985270 0.017998 0.000000
-0.038412 -0.024878 0.998955 0.000000
0.984687 0.169202 0.042077 -0.000000
-19.499523 -14.089325 -5.305349 1.000000
