# BoneCount
65

# BoneName=mixamorig:Hips
0
-1
0.000000 0.000000 0.000000
0.000000 0.000000 1.000000 0.000000
-0.000000 1.000000 -0.000000 0.000000
-1.000000 0.000000 0.000000 -0.000000
2.409294 -102.713074 1.097916 1.000000

# BoneName=mixamorig:Spine
1
0
0.000000 0.000000 0.000000
-0.000000 -0.175362 0.984504 0.000000
-0.000000 0.984504 0.175362 0.000000
-1.000000 0.000000 -0.000000 0.000000
2.409295 -114.078293 -16.931105 1.000000

# BoneName=mixamorig:Spine1
2
1
0.000000 0.000000 0.000000
-0.000000 -0.175362 0.984504 0.000000
-0.000000 0.984504 0.175362 0.000000
-1.000000 0.000000 -0.000000 0.000000
2.409295 -128.970032 -16.931097 1.000000

# BoneName=mixamorig:Spine2
3
2
0.000000 0.000000 0.000000
-0.000000 -0.175362 0.984504 0.000000
-0.000000 0.984504 0.175362 0.000000
-1.000000 0.000000 -0.000000 0.000000
2.409295 -145.989151 -16.931095 1.000000

# BoneName=mixamorig:Neck
4
3
0.000000 0.000000 0.000000
0.000000 0.000000 1.000000 0.000000
-0.000000 1.000000 -0.000000 0.000000
-1.000000 0.000000 0.000000 -0.000000
2.409295 -165.545776 12.289843 1.000000

# BoneName=mixamorig:Head
5
4
0.000000 0.000000 0.000000
0.000000 0.000000 1.000000 0.000000
-0.000000 1.000000 -0.000000 0.000000
-1.000000 0.000000 0.000000 -0.000000
2.409295 -171.069046 9.859887 1.000000

# BoneName=mixamorig:HeadTop_End
6
5
0.000000 0.000000 0.000000
0.000000 0.000000 1.000000 0.000000
-0.000000 1.000000 -0.000000 0.000000
-1.000000 0.000000 0.000000 -0.000000
2.409294 -194.923325 -0.634757 1.000000

# BoneName=mixamorig:LeftShoulder
7
3
0.000000 0.000000 0.000000
-0.984185 0.100958 0.145562 0.000000
-0.174736 -0.418189 -0.891395 0.000000
-0.029121 -0.902732 0.429216 0.000000
16.912220 64.142174 148.410858 1.000000

# BoneName=mixamorig:LeftArm
8
7
0.000000 0.000000 0.000000
-0.932240 -0.067744 -0.355442 0.000000
0.277139 -0.765252 -0.581019 0.000000
-0.232642 -0.640156 0.732174 0.000000
-56.809414 104.744652 101.682938 1.000000

# BoneName=mixamorig:LeftForeArm
9
8
0.000000 0.000000 0.000000
-0.901148 0.318543 -0.294043 0.000000
0.005029 -0.670556 -0.741841 0.000000
-0.433481 -0.669988 0.602669 0.000000
-28.418251 65.865234 118.539444 1.000000

# BoneName=mixamorig:LeftHand
10
9
0.000000 0.000000 0.000000
-0.900293 0.432826 -0.046197 0.000000
-0.385878 -0.842709 -0.375418 0.000000
-0.201422 -0.320160 0.925704 0.000000
29.299923 76.510117 97.204491 1.000000

# BoneName=mixamorig:LeftHandThumb1
11
10
0.000000 0.000000 0.000000
-0.723015 0.614940 -0.314798 0.000000
-0.626872 -0.775493 -0.075107 0.000000
-0.290310 0.143035 0.946182 0.000000
52.498928 91.128761 64.104004 1.000000

# BoneName=mixamorig:LeftHandThumb2
12
11
0.000000 0.000000 0.000000
-0.723015 0.513081 -0.462598 0.000000
-0.626872 -0.768665 0.127218 0.000000
-0.290310 0.381971 0.877393 0.000000
53.330711 100.050659 39.667072 1.000000

# BoneName=mixamorig:LeftHandThumb3
13
12
0.000000 0.000000 0.000000
-0.723015 0.595317 -0.350495 0.000000
-0.626872 -0.778572 -0.029269 0.000000
-0.290310 0.198553 0.936107 0.000000
53.188564 85.567223 57.974411 1.000000

# BoneName=mixamorig:LeftHandThumb4
14
13
0.000000 0.000000 0.000000
-0.723015 0.595317 -0.350495 0.000000
-0.626872 -0.778572 -0.029269 0.000000
-0.290310 0.198553 0.936107 0.000000
52.498920 81.851402 57.974415 1.000000

# BoneName=mixamorig:LeftHandIndex1
15
10
0.000000 0.000000 0.000000
-0.946136 0.281086 -0.160680 0.000000
-0.280839 -0.959437 -0.024721 0.000000
-0.161111 0.021736 0.986697 0.000000
26.524109 98.371407 66.036049 1.000000

# BoneName=mixamorig:LeftHandIndex2
16
15
0.000000 0.000000 0.000000
-0.946135 0.230438 -0.227433 0.000000
-0.280839 -0.933650 0.222323 0.000000
-0.161111 0.274220 0.948075 0.000000
26.499269 107.591896 39.756611 1.000000

# BoneName=mixamorig:LeftHandIndex3
17
16
0.000000 0.000000 0.000000
-0.946136 0.276463 -0.168509 0.000000
-0.280839 -0.959752 0.002227 0.000000
-0.161111 0.049431 0.985698 0.000000
26.552982 91.589981 62.430882 1.000000

# BoneName=mixamorig:LeftHandIndex4
18
17
0.000000 0.000000 0.000000
-0.946136 0.276463 -0.168509 0.000000
-0.280839 -0.959752 0.002227 0.000000
-0.161111 0.049431 0.985698 0.000000
26.524101 88.261696 62.430882 1.000000

# BoneName=mixamorig:LeftHandMiddle1
19
10
0.000000 0.000000 0.000000
-0.948443 0.278454 -0.151391 0.000000
-0.274402 -0.960443 -0.047453 0.000000
-0.158616 -0.003464 0.987334 0.000000
22.494308 97.066505 69.117424 1.000000

# BoneName=mixamorig:LeftHandMiddle2
20
19
0.000000 0.000000 0.000000
-0.948443 0.242871 -0.203640 0.000000
-0.274402 -0.950758 0.144093 0.000000
-0.158616 0.192543 0.968384 0.000000
22.431190 103.740021 49.514805 1.000000

# BoneName=mixamorig:LeftHandMiddle3
21
20
0.000000 0.000000 0.000000
-0.948443 0.204105 -0.242480 0.000000
-0.274402 -0.911653 0.305929 0.000000
-0.158616 0.356693 0.920658 0.000000
22.442862 106.318771 31.650368 1.000000

# BoneName=mixamorig:LeftHandMiddle4
22
21
0.000000 0.000000 0.000000
-0.948443 0.204105 -0.242480 0.000000
-0.274402 -0.911653 0.305929 0.000000
-0.158616 0.356693 0.920658 0.000000
22.494310 102.468498 31.650356 1.000000

# BoneName=mixamorig:LeftHandRing1
23
10
0.000000 0.000000 0.000000
-0.952360 0.275054 -0.131738 0.000000
-0.263103 -0.959446 -0.101192 0.000000
-0.154229 -0.061710 0.986106 0.000000
18.199886 92.008888 74.464958 1.000000

# BoneName=mixamorig:LeftHandRing2
24
23
0.000000 0.000000 0.000000
-0.952360 0.172357 -0.251601 0.000000
-0.263103 -0.881535 0.392010 0.000000
-0.154229 0.439532 0.884887 0.000000
18.090374 113.029037 20.736319 1.000000

# BoneName=mixamorig:LeftHandRing3
25
24
0.000000 0.000000 0.000000
-0.952360 0.118258 -0.281113 0.000000
-0.263103 -0.784731 0.561225 0.000000
-0.154229 0.608450 0.778461 0.000000
18.124044 111.231491 -1.658790 1.000000

# BoneName=mixamorig:LeftHandRing4
26
25
0.000000 0.000000 0.000000
-0.952360 0.118258 -0.281113 0.000000
-0.263103 -0.784731 0.561225 0.000000
-0.154229 0.608450 0.778461 0.000000
18.199873 107.922813 -1.658790 1.000000

# BoneName=mixamorig:LeftHandPinky1
27
10
0.000000 0.000000 0.000000
-0.962856 0.174047 -0.206438 0.000000
-0.230062 -0.929033 0.289776 0.000000
-0.141353 0.326506 0.934566 0.000000
12.736128 114.007889 32.156742 1.000000

# BoneName=mixamorig:LeftHandPinky2
28
27
0.000000 0.000000 0.000000
-0.962855 0.129971 -0.236678 0.000000
-0.230062 -0.853747 0.467106 0.000000
-0.141353 0.504206 0.851936 0.000000
12.726068 114.644981 9.764436 1.000000

# BoneName=mixamorig:LeftHandPinky3
29
28
0.000000 0.000000 0.000000
-0.962856 0.205001 -0.175738 0.000000
-0.230062 -0.963557 0.136489 0.000000
-0.141353 0.171850 0.974929 0.000000
12.747831 101.535088 48.641441 1.000000

# BoneName=mixamorig:LeftHandPinky4
30
29
0.000000 0.000000 0.000000
-0.962856 0.205001 -0.175738 0.000000
-0.230062 -0.963557 0.136489 0.000000
-0.141353 0.171850 0.974929 0.000000
12.736125 99.923264 48.641430 1.000000

# BoneName=mixamorig:RightShoulder
31
3
0.000000 0.000000 0.000000
0.967273 -0.100958 0.232787 0.000000
0.171051 -0.418189 -0.892110 0.000000
0.187414 0.902732 -0.387234 0.000000
-16.904022 57.310699 151.565811 1.000000

# BoneName=mixamorig:RightArm
32
31
0.000000 0.000000 0.000000
0.976195 -0.173383 -0.130314 0.000000
-0.216717 -0.755398 -0.618392 0.000000
0.008780 0.631912 -0.774990 0.000000
47.867649 98.424843 113.611351 1.000000

# BoneName=mixamorig:RightForeArm
33
32
0.000000 0.000000 0.000000
0.950133 0.232009 0.208372 -0.000000
0.311725 -0.688104 -0.655241 0.000000
-0.008640 0.687521 -0.726113 0.000000
-21.765976 65.097969 123.111397 1.000000

# BoneName=mixamorig:RightHand
34
33
0.000000 0.000000 0.000000
0.921769 0.371075 0.112449 -0.000000
0.385007 -0.841571 -0.378851 0.000000
-0.045948 0.392507 -0.918600 0.000000
-27.969372 74.158501 103.197052 1.000000

# BoneName=mixamorig:RightHandThumb1
35
34
0.000000 0.000000 0.000000
0.780540 0.604352 -0.159740 0.000000
0.605768 -0.794350 -0.045328 0.000000
-0.154283 -0.061385 -0.986118 0.000000
-48.797321 95.274841 66.467873 1.000000

# BoneName=mixamorig:RightHandThumb2
36
35
0.000000 0.000000 0.000000
0.780540 0.556790 -0.284151 0.000000
0.605767 -0.785921 0.123992 0.000000
-0.154283 -0.268911 -0.950728 0.000000
-49.705482 102.560257 45.778648 1.000000

# BoneName=mixamorig:RightHandThumb3
37
36
0.000000 0.000000 0.000000
0.780540 0.586818 -0.215411 0.000000
0.605767 -0.795115 0.028959 0.000000
-0.154283 -0.153093 -0.976094 0.000000
-49.716408 91.793152 57.185688 1.000000

# BoneName=mixamorig:RightHandThumb4
38
37
0.000000 0.000000 0.000000
0.780540 0.586818 -0.215411 0.000000
0.605767 -0.795115 0.028959 0.000000
-0.154283 -0.153093 -0.976094 0.000000
-48.797314 88.316055 57.185684 1.000000

# BoneName=mixamorig:RightHandIndex1
39
34
0.000000 0.000000 0.000000
0.970497 0.239619 0.026794 0.000000
0.240306 -0.970340 -0.026312 0.000000
0.019695 0.031975 -0.999295 0.000000
-22.696260 98.920441 72.339653 1.000000

# BoneName=mixamorig:RightHandIndex2
40
39
0.000000 0.000000 0.000000
0.970497 0.237081 -0.043903 0.000000
0.240307 -0.936211 0.256440 0.000000
0.019695 -0.259425 -0.965563 0.000000
-22.677607 111.537086 41.766193 1.000000

# BoneName=mixamorig:RightHandIndex3
41
40
0.000000 0.000000 0.000000
0.970497 0.240430 0.018123 -0.000000
0.240307 -0.970658 0.008749 0.000000
0.019695 -0.004136 -0.999797 0.000000
-22.717472 92.949593 67.761421 1.000000

# BoneName=mixamorig:RightHandIndex4
42
41
0.000000 0.000000 0.000000
0.970497 0.240430 0.018123 -0.000000
0.240307 -0.970658 0.008749 0.000000
0.019695 -0.004136 -0.999797 0.000000
-22.696262 89.565857 67.761414 1.000000

# BoneName=mixamorig:RightHandMiddle1
43
34
0.000000 0.000000 0.000000
0.970318 0.234896 0.057509 0.000000
0.241057 -0.958497 -0.152233 0.000000
0.019363 0.161577 -0.986670 0.000000
-19.276608 88.940674 85.206245 1.000000

# BoneName=mixamorig:RightHandMiddle2
44
43
0.000000 0.000000 0.000000
0.970318 0.237560 -0.045261 0.000000
0.241057 -0.935127 0.259672 0.000000
0.019363 -0.262875 -0.964636 0.000000
-19.194752 111.667564 42.676815 1.000000

# BoneName=mixamorig:RightHandMiddle3
45
44
0.000000 0.000000 0.000000
0.970318 0.227969 -0.080707 0.000000
0.241057 -0.885031 0.398261 0.000000
0.019363 -0.405894 -0.913715 0.000000
-19.223330 111.905098 26.034018 1.000000

# BoneName=mixamorig:RightHandMiddle4
46
45
0.000000 0.000000 0.000000
0.970318 0.227969 -0.080707 0.000000
0.241057 -0.885031 0.398261 0.000000
0.019363 -0.405895 -0.913715 0.000000
-19.276615 107.873886 26.033998 1.000000

# BoneName=mixamorig:RightHandRing1
47
34
0.000000 0.000000 0.000000
0.959793 0.277460 0.042578 0.000000
0.280702 -0.949602 -0.139508 0.000000
0.001724 0.145850 -0.989305 0.000000
-18.286215 88.752655 83.946404 1.000000

# BoneName=mixamorig:RightHandRing2
48
47
0.000000 0.000000 0.000000
0.959793 0.260931 -0.103498 0.000000
0.280702 -0.889891 0.359584 0.000000
0.001724 -0.374178 -0.927355 0.000000
-18.159500 115.014275 29.917053 1.000000

# BoneName=mixamorig:RightHandRing3
49
48
0.000000 0.000000 0.000000
0.959793 0.247861 -0.131763 0.000000
0.280702 -0.844586 0.455939 0.000000
0.001724 -0.474593 -0.880204 0.000000
-18.214710 113.606590 17.440910 1.000000

# BoneName=mixamorig:RightHandRing4
50
49
0.000000 0.000000 0.000000
0.959793 0.247861 -0.131763 0.000000
0.280702 -0.844586 0.455939 0.000000
0.001724 -0.474593 -0.880204 0.000000
-18.286213 110.380966 17.440918 1.000000

# BoneName=mixamorig:RightHandPinky1
51
34
0.000000 0.000000 0.000000
0.974582 0.216944 -0.055906 0.000000
0.222324 -0.905798 0.360697 0.000000
0.027611 -0.363958 -0.931006 0.000000
-11.148402 118.783401 28.965683 1.000000

# BoneName=mixamorig:RightHandPinky2
52
51
0.000000 0.000000 0.000000
0.974582 0.209719 -0.078792 0.000000
0.222324 -0.862017 0.455520 0.000000
0.027611 -0.461459 -0.886732 0.000000
-11.149144 117.811012 16.457897 1.000000

# BoneName=mixamorig:RightHandPinky3
53
52
0.000000 0.000000 0.000000
0.974582 0.222272 -0.028021 0.000000
0.222324 -0.944141 0.243248 0.000000
0.027611 -0.243295 -0.969559 0.000000
-11.156750 108.268547 42.724251 1.000000

# BoneName=mixamorig:RightHandPinky4
54
53
0.000000 0.000000 0.000000
0.974582 0.222272 -0.028021 0.000000
0.222324 -0.944141 0.243248 0.000000
0.027611 -0.243295 -0.969559 0.000000
-11.148402 106.340065 42.724251 1.000000

# BoneName=mixamorig:LeftUpLeg
55
0
0.000000 0.000000 0.000000
-0.005863 -0.050956 0.998684 0.000000
-0.114156 -0.992138 -0.051292 0.000000
0.993446 -0.114306 0.000000 -0.000000
19.374311 93.853317 7.682703 1.000000

# BoneName=mixamorig:LeftLeg
56
55
0.000000 0.000000 0.000000
-0.000710 -0.092481 0.995714 0.000000
-0.013819 -0.995618 -0.092482 0.000000
0.999904 -0.013825 -0.000571 0.000000
13.935919 54.425636 9.938518 1.000000

# BoneName=mixamorig:LeftFoot
57
56
0.000000 0.000000 0.000000
0.112635 0.746211 0.656111 -0.000000
-0.024256 -0.658052 0.752582 0.000000
0.993340 -0.100682 -0.056019 0.000000
14.976624 16.184362 -8.184090 1.000000

# BoneName=mixamorig:LeftToeBase
58
57
0.000000 0.000000 0.000000
0.165923 0.985988 0.017231 -0.000000
0.037381 -0.023749 0.999019 0.000000
0.985430 -0.165116 -0.040798 0.000000
14.257044 -8.485125 -5.139834 1.000000

# BoneName=mixamorig:LeftToe_End
59
58
0.000000 0.000000 0.000000
0.165923 0.985988 0.017231 -0.000000
0.037381 -0.023749 0.999019 0.000000
0.985430 -0.165116 -0.040798 0.000000
14.257042 -16.530430 -5.139834 1.000000

# BoneName=mixamorig:RightUpLeg
60
0
0.000000 0.000000 0.000000
-0.000321 0.002784 0.999996 0.000000
0.114454 -0.993425 0.002803 0.000000
0.993429 0.114454 0.000000 -0.000000
-24.207962 93.582962 6.106222 1.000000

# BoneName=mixamorig:RightLeg
61
60
0.000000 0.000000 0.000000
-0.000039 -0.130532 0.991444 0.000000
0.013890 -0.991348 -0.130519 0.000000
0.999903 0.013766 0.001852 -0.000000
-18.761623 53.755459 13.391892 1.000000

# BoneName=mixamorig:RightFoot
62
61
0.000000 0.000000 0.000000
-0.111135 0.739534 0.663881 0.000000
0.028427 -0.665381 0.745963 0.000000
0.993399 0.101775 0.052924 -0.000000
-20.144093 17.885780 -6.303700 1.000000

# BoneName=mixamorig:RightToeBase
63
62
0.000000 0.000000 0.000000
-0.170071 0.985267 0.017998 0.000000
-0.038410 -0.024877 0.998952 0.000000
0.984683 0.169201 0.042075 -0.000000
-19.499508 -6.236230 -5.305305 1.000000

# BoneName=mixamorig:RightToe_End
64
63
0.000000 0.000000 0.000000
-0.170071 0.985267 0.017998 0.000000
-0.038410 -0.024877 0.998952 0.000000
0.984683 0.169201 0.042075 -0.000000
-19.499508 -14.089303 -5.305305 1.000000
